F1: train 4320 rows, test 1468 rows (2024-07-01..2024-08-31)
F2: train 11474 rows, test 1468 rows (2024-07-01..2024-08-31)
F3: train 8683 rows, test 690 rows (2025-01-01..2025-01-31)
F4: train 9373 rows, test 666 rows (2025-02-01..2025-02-28)
F5: train 10039 rows, test 741 rows (2025-03-01..2025-03-31)
F6: train 10780 rows, test 714 rows (2025-04-01..2025-04-30)
F7: train 11494 rows, test 734 rows (2025-05-01..2025-05-31)
F8: train 12228 rows, test 714 rows (2025-06-01..2025-06-30)

mae_pct vs ac_power_kw
fold          F1    F2    F3    F4    F5    F6    F7    F8  F3-F8 mean
model                                                                 
B0          7.43  7.13  2.22  1.50  1.60  1.72  2.50  8.43        3.00
B1         10.26  9.77  2.57  3.42  2.14  3.54  4.09  8.71        4.08
B2a         4.98  5.12  2.74  3.28  2.10  3.05  3.19  3.72        3.01
B2b         4.21  4.03  2.41  3.49  2.17  3.40  3.51  5.38        3.39
B1_defTL    9.67  9.45  4.86  4.19  1.73  1.30  2.37  6.72        3.53
B2a_defTL   5.24  5.32  3.62  3.48  1.90  1.56  2.77  4.11        2.91
B2b_defTL   4.10  4.07  3.52  3.52  1.91  1.52  2.56  4.02        2.84
B2b_dryTL   4.38  4.06  2.45  3.55  2.21  3.42  3.55  4.20        3.23

mae_pct vs ac_power_clean
fold          F1    F2    F3    F4    F5    F6    F7    F8  F3-F8 mean
model                                                                 
B0          7.51  7.19  1.97  3.93  1.99  3.47  3.17  8.64        3.86
B1         10.24  9.77  1.92  1.68  1.00  1.26  3.10  8.56        2.92
B2a         5.05  5.20  2.29  1.63  1.24  1.47  2.40  3.79        2.14
B2b         4.22  4.07  1.93  1.73  0.97  1.12  2.52  5.28        2.26
B1_defTL    9.67  9.46  3.77  2.32  2.22  2.90  2.94  6.73        3.48
B2a_defTL   5.32  5.39  2.61  1.69  2.66  3.56  3.45  4.29        3.04
B2b_defTL   4.14  4.12  2.51  1.68  2.70  3.52  3.21  4.18        2.97
B2b_dryTL   4.39  4.10  1.93  1.71  0.95  1.13  2.55  4.31        2.10

rmse_pct vs ac_power_kw
fold          F1     F2    F3    F4    F5    F6    F7     F8  F3-F8 mean
model                                                                   
B0         10.18  10.21  4.47  2.57  2.26  2.79  4.61  11.44        4.69
B1         15.20  14.67  4.55  4.32  3.06  4.66  6.32  13.39        6.05
B2a         7.55   7.73  4.63  3.71  3.07  3.92  4.44   5.76        4.26
B2b         6.19   5.87  4.29  4.05  3.03  4.32  4.85   8.08        4.77
B1_defTL   14.41  14.16  6.14  4.95  2.33  2.54  4.32  10.88        5.19
B2a_defTL   7.92   8.01  5.02  3.96  2.87  2.84  4.41   5.93        4.17
B2b_defTL   5.89   5.78  4.93  3.97  2.74  2.67  3.68   5.72        3.95
B2b_dryTL   6.59   5.98  4.32  4.10  3.06  4.34  4.88   6.59        4.55

rmse_pct vs ac_power_clean
fold          F1     F2    F3    F4    F5    F6    F7     F8  F3-F8 mean
model                                                                   
B0         10.31  10.30  4.44  4.78  2.51  4.59  4.98  11.74        5.51
B1         15.17  14.64  4.43  2.80  1.71  2.64  5.73  13.27        5.10
B2a         7.59   7.78  4.62  2.17  2.38  2.78  3.94   5.83        3.62
B2b         6.18   5.88  4.24  2.38  1.68  2.25  4.13   8.00        3.78
B1_defTL   14.39  14.14  5.55  3.43  2.89  3.89  4.60  10.82        5.20
B2a_defTL   7.97   8.07  4.38  2.28  3.76  4.92  4.99   6.15        4.41
B2b_defTL   5.91   5.83  4.25  2.24  3.70  4.81  4.31   5.86        4.19
B2b_dryTL   6.58   5.99  4.24  2.36  1.68  2.25  4.15   6.62        3.55

bias_kw vs ac_power_kw
fold           F1      F2      F3      F4      F5      F6      F7      F8  F3-F8 mean
model                                                                                
B0        -417.80  115.04  105.75   13.38   66.24  -38.49  102.18 -648.04      -66.50
B1         994.50  934.34  131.10  313.37  194.57  326.78  404.96  846.67      369.57
B2a       -311.04 -351.11  -60.83  237.38  130.75  230.72  174.36  116.11      138.08
B2b        162.69   83.84   16.91  269.77  181.56  314.74  331.44  488.60      267.17
B1_defTL   925.75  897.61  450.74  418.93   39.86   26.16   96.70  537.53      261.65
B2a_defTL -365.75 -381.54  239.47  333.24  -30.86  -72.34 -127.31 -156.85       30.89
B2b_defTL   88.40  -43.50  259.73  337.38  -36.69  -69.04  -84.96   27.79       72.37
B2b_dryTL  253.98  135.34   25.41  275.73  184.98  316.44  333.88  228.12      227.42

bias_kw vs ac_power_clean
fold           F1      F2      F3      F4      F5      F6      F7      F8  F3-F8 mean
model                                                                                
B0        -427.05  105.79  -13.77 -312.41 -148.73 -315.81  -12.15 -673.69     -246.09
B1         985.25  925.09   11.58  -12.42  -20.40   49.46  290.62  821.02      189.98
B2a       -320.29 -360.36 -180.36  -88.41  -84.22  -46.60   60.02   90.46      -41.52
B2b        153.44   74.59 -102.61  -56.02  -33.41   37.42  217.11  462.95       87.57
B1_defTL   916.50  888.37  331.22   93.14 -175.11 -251.16  -17.64  511.87       82.05
B2a_defTL -375.00 -390.79  119.95    7.46 -245.83 -349.66 -241.64 -182.50     -148.70
B2b_defTL   79.16  -52.75  140.21   11.59 -251.66 -346.36 -199.29    2.14     -107.23
B2b_dryTL  244.73  126.09  -94.11  -50.06  -29.99   39.12  219.54  202.46       47.83

daily_energy_err_pct vs ac_power_kw
fold          F1     F2    F3    F4    F5    F6    F7     F8  F3-F8 mean
model                                                                   
B0         14.73  13.14  2.80  2.21  2.08  2.53  4.48  16.73        5.14
B1         23.20  21.95  2.97  5.25  3.32  6.27  8.21  18.58        7.43
B2a        10.64  11.00  2.90  4.05  2.97  5.26  5.88   6.18        4.54
B2b         8.64   8.24  1.81  4.52  3.19  6.12  6.73  10.98        5.56
B1_defTL   21.82  21.27  7.85  7.02  2.42  1.84  4.12  13.55        6.13
B2a_defTL  11.19  11.35  4.34  5.59  2.96  2.54  4.69   7.32        4.57
B2b_defTL   8.32   8.31  4.53  5.65  3.01  2.48  4.23   7.10        4.50
B2b_dryTL   9.15   8.27  1.82  4.62  3.26  6.15  6.78   7.94        5.10

daily_energy_err_pct vs ac_power_clean
fold          F1     F2    F3    F4    F5    F6    F7     F8  F3-F8 mean
model                                                                   
B0         14.86  13.26  2.59  5.90  2.88  5.90  5.76  17.12        6.69
B1         23.10  21.90  2.38  2.16  1.25  1.70  5.87  18.03        5.23
B2a        10.82  11.19  3.12  1.94  1.79  2.15  3.95   6.14        3.18
B2b         8.67   8.34  1.99  2.02  1.23  1.45  4.41  10.58        3.61
B1_defTL   21.79  21.26  6.02  2.83  3.29  4.93  5.25  13.49        5.97
B2a_defTL  11.37  11.54  2.68  1.95  4.27  6.37  5.86   7.69        4.80
B2b_defTL   8.42   8.42  2.85  1.96  4.34  6.31  5.42   7.40        4.71
B2b_dryTL   9.15   8.37  1.89  1.95  1.18  1.49  4.46   8.13        3.18

mae_pct_of_mean vs ac_power_kw
fold          F1     F2    F3    F4    F5    F6    F7     F8  F3-F8 mean
model                                                                   
B0         17.22  16.52  3.87  2.51  2.72  3.30  5.08  18.49        5.99
B1         23.77  22.65  4.48  5.74  3.63  6.79  8.30  19.10        8.01
B2a        11.54  11.87  4.77  5.50  3.56  5.86  6.47   8.16        5.72
B2b         9.75   9.34  4.20  5.86  3.68  6.52  7.12  11.79        6.53
B1_defTL   22.41  21.91  8.46  7.02  2.93  2.49  4.81  14.73        6.74
B2a_defTL  12.15  12.32  6.31  5.84  3.22  2.99  5.62   9.01        5.50
B2b_defTL   9.51   9.42  6.14  5.90  3.24  2.91  5.18   8.81        5.37
B2b_dryTL  10.15   9.42  4.27  5.95  3.74  6.56  7.19   9.22        6.16

mae_pct_of_mean vs ac_power_clean
fold          F1     F2    F3    F4    F5    F6    F7     F8  F3-F8 mean
model                                                                   
B0         17.36  16.63  3.36  6.24  3.25  6.33  6.28  18.85        7.38
B1         23.69  22.60  3.27  2.67  1.65  2.29  6.15  18.68        5.78
B2a        11.68  12.02  3.91  2.59  2.02  2.68  4.75   8.27        4.04
B2b         9.76   9.41  3.28  2.75  1.58  2.05  4.99  11.52        4.36
B1_defTL   22.37  21.88  6.43  3.69  3.63  5.28  5.83  14.69        6.59
B2a_defTL  12.30  12.47  4.45  2.69  4.36  6.48  6.83   9.36        5.69
B2b_defTL   9.57   9.53  4.27  2.67  4.43  6.41  6.36   9.11        5.54
B2b_dryTL  10.16   9.48  3.28  2.72  1.55  2.06  5.05   9.40        4.01

skill_vs_B0 vs ac_power_kw
fold         F1    F2    F3    F4    F5    F6    F7    F8  F3-F8 mean
model                                                                
B0         0.00  0.00  0.00  0.00  0.00  0.00  0.00  0.00        0.00
B1        -0.38 -0.37 -0.16 -1.28 -0.33 -1.06 -0.64 -0.03       -0.58
B2a        0.33  0.28 -0.23 -1.19 -0.31 -0.78 -0.27  0.56       -0.37
B2b        0.43  0.43 -0.08 -1.33 -0.35 -0.98 -0.40  0.36       -0.46
B1_defTL  -0.30 -0.33 -1.19 -1.80 -0.08  0.25  0.05  0.20       -0.43
B2a_defTL  0.29  0.25 -0.63 -1.33 -0.19  0.09 -0.11  0.51       -0.27
B2b_defTL  0.45  0.43 -0.58 -1.35 -0.19  0.12 -0.02  0.52       -0.25
B2b_dryTL  0.41  0.43 -0.10 -1.37 -0.38 -0.99 -0.42  0.50       -0.46

skill_vs_B0 vs ac_power_clean
fold         F1    F2    F3    F4    F5    F6    F7    F8  F3-F8 mean
model                                                                
B0         0.00  0.00  0.00  0.00  0.00  0.00  0.00  0.00        0.00
B1        -0.36 -0.36  0.03  0.57  0.49  0.64  0.02  0.01        0.29
B2a        0.33  0.28 -0.16  0.59  0.38  0.58  0.24  0.56        0.36
B2b        0.44  0.43  0.02  0.56  0.51  0.68  0.20  0.39        0.39
B1_defTL  -0.29 -0.32 -0.91  0.41 -0.12  0.17  0.07  0.22       -0.03
B2a_defTL  0.29  0.25 -0.33  0.57 -0.34 -0.02 -0.09  0.50        0.05
B2b_defTL  0.45  0.43 -0.27  0.57 -0.36 -0.01 -0.01  0.52        0.07
B2b_dryTL  0.41  0.43  0.02  0.56  0.52  0.67  0.20  0.50        0.41

mean over folds by cloud bucket (vs ac_power_kw):
          mae_pct                      bias_kw                         
bucket      0-0.3 0.3-0.7  0.7-1   all   0-0.3 0.3-0.7    0.7-1     all
model                                                                  
B0           5.07    4.67   6.91  4.07 -433.12 -169.78   523.81  -87.72
B1           1.99    4.64  11.08  5.56  105.65  430.93  1089.48  518.29
B2a          2.22    3.00   7.16  3.52  137.66   67.16  -612.57   20.79
B2b          2.23    3.62   4.23  3.57  139.80  288.93    99.83  231.19
B1_defTL     2.27    4.11  10.27  5.04   15.00  344.79  1020.48  424.16
B2a_defTL    2.20    3.13   7.61  3.50   38.50  -21.14  -695.14  -70.24
B2b_defTL    2.21    3.06   5.74  3.15   39.62   40.73  -274.98   59.89
B2b_dryTL    2.40    3.50   4.09  3.48  104.94  262.14    87.20  219.23

=== Soiling diagnosis, F3..F8 (bias kW / MAE %) ===
                          F3       F4       F5       F6       F7      F8
mean_soiling_factor     0.98    0.947    0.961    0.948    0.978   0.995
gap_kw (clean - raw)  119.52  325.787  214.969  277.321  114.336  25.652
mean over F3..F8:
           bias_kw vs ac_power_clean  bias_kw vs ac_power_kw  mae_pct vs ac_power_clean  mae_pct vs ac_power_kw
model                                                                                                          
B0                           -246.09                  -66.50                       3.86                    3.00
B1                            189.98                  369.57                       2.92                    4.08
B2a                           -41.52                  138.08                       2.14                    3.01
B2b                            87.57                  267.17                       2.26                    3.39
B1_defTL                       82.05                  261.65                       3.48                    3.53
B2a_defTL                    -148.70                   30.89                       3.04                    2.91
B2b_defTL                    -107.23                   72.37                       2.97                    2.84
B2b_dryTL                      47.83                  227.42                       2.10                    3.23
bias_kw per fold:
fold                  F3                         F4                         F5                         F6                         F7                         F8            
target    ac_power_clean ac_power_kw ac_power_clean ac_power_kw ac_power_clean ac_power_kw ac_power_clean ac_power_kw ac_power_clean ac_power_kw ac_power_clean ac_power_kw
model                                                                                                                                                                      
B0                 -14.0       106.0         -312.0        13.0         -149.0        66.0         -316.0       -38.0          -12.0       102.0         -674.0      -648.0
B1                  12.0       131.0          -12.0       313.0          -20.0       195.0           49.0       327.0          291.0       405.0          821.0       847.0
B2a               -180.0       -61.0          -88.0       237.0          -84.0       131.0          -47.0       231.0           60.0       174.0           90.0       116.0
B2b               -103.0        17.0          -56.0       270.0          -33.0       182.0           37.0       315.0          217.0       331.0          463.0       489.0
B1_defTL           331.0       451.0           93.0       419.0         -175.0        40.0         -251.0        26.0          -18.0        97.0          512.0       538.0
B2a_defTL          120.0       239.0            7.0       333.0         -246.0       -31.0         -350.0       -72.0         -242.0      -127.0         -182.0      -157.0
B2b_defTL          140.0       260.0           12.0       337.0         -252.0       -37.0         -346.0       -69.0         -199.0       -85.0            2.0        28.0
B2b_dryTL          -94.0        25.0          -50.0       276.0          -30.0       185.0           39.0       316.0          220.0       334.0          202.0       228.0

wrote reports/baselines.csv, reports/baseline_params.json, reports/baseline_weeks_F*.png
